%mem=8gb
%NprocShared=16
%LindaWorker=cu30
%chk=UO2Cl4.chk
#p opt freq=raman b3lyp/genecp scf=(vshift,novaracc) 

Title Card Required

-2 1
 U                 -0.00000300    0.00000000    0.00018600
 O                 -1.59584760   -1.29837268   -0.10521049
 O                  1.59583689    1.29837800    0.10558815
 Cl                -1.36709772    1.75175350   -0.87987746
 Cl                -0.64431692    0.61181332    2.21888923
 Cl                 1.36709974   -1.75175091    0.88024216
 Cl                 0.64430601   -0.61182263   -2.21851609

Cl O 0
6-31+g*
****
U 0
S 3 1.00
12098.0820000 0.000102
1833.7573000 0.000771
351.6863200 0.002969
S 1 1.00
104.3142600 1.0
S 3 1.00
60.9058220 0.049868
35.5150860 -0.245313
20.8912270 0.723847
S 1 1.00
10.1846470 1.0
S 1 1.00
2.8518510 1.0
S 1 1.00
1.5316160 1.0
S 1 1.00
0.6162030 1.0
S 1 1.00
0.2794940 1.0
S 1 1.00
0.0572530 1.0
S 1 1.00
0.0234430 1.0
P 5 1.00
2906.8451000 0.000088
694.4005300 0.000732
224.6347900 0.003414
80.5205260 0.011099
24.0802110 0.025216
P 1 1.00
14.0775800 1.0
P 1 1.00
8.2658460 1.0
P 1 1.00
3.4236070 1.0
P 1 1.00
1.7084170 1.0
P 1 1.00
0.6550460 1.0
P 1 1.00
0.2837550 1.0
P 1 1.00
0.1018140 1.0
P 1 1.00
0.0305350 1.0
D 6 1.00
449.0195300 0.000050
156.3569500 0.000322
60.2424390 0.001777
17.7723170 0.025385
10.4543040 -0.089378
3.5834330 0.444799
D 1 1.00
1.7637240 1.0
D 1 1.00
0.7840300 1.0
D 1 1.00
0.2761270 1.0
D 1 1.00
0.0869800 1.0
F 5 1.00
105.2879300 0.000228
35.1011810 0.002308
14.5641380 0.009253
4.6518850 0.136949
2.2559730 0.339801
F 1 1.00
1.0102740 1.0
F 1 1.00
0.4116800 1.0
F 1 1.00
0.1441200 1.0
G 4 1.00
105.2879300 0.000137
35.1011810 0.001831
14.5641380 0.019940
4.6518850 0.110758
G 1 1.00
2.2559730 1.0
G 1 1.00
1.0102740 1.0
****

U 0
ECP60MWB 5 60
H-Komponente
1
2 1.00000000 0.00000000
S-H
1
2 16.41403869 536.51662778
P-H
1
2 9.06055606 169.54492465
D-H
1
2 8.83183198 142.61559837
F-H
1
2 7.01851629 60.39307602
G-H
1
2 12.80408844 -60.12998958





